317.175  97.2826  266.052  143.779
264.544  109.093  292.46  168.313
161.265  123.834  166.496  192.175
225.194  77.3051  254.48  146.963
264.959  59.6546  290.064  136.183
275.965  186.987  303.522  221.102
323.757  195.966  277.995  232.324
255.611  185.865  286.916  225.088
188.612  174.044  206.097  236.088
321.978  196.752  333.317  218.709
287.657  92.9605  234.179  140.306
285.922  95.6731  233.231  143.11
208.576  78.7136  236.052  147.82
297.2  194.237  315.745  222.514
321.775  129.252  331.324  176.836
157.822  112.724  162.808  181.293
214.615  109.118  241.782  171.58
228.968  82.1095  257.004  150.247
132.748  55.2089  120.245  123.134
225.518  78.9999  254.887  148.151
185.537  117.379  212.236  181.952
195.37  66.9263  221.057  138.369
213.963  78.6288  242.451  147.785
196.11  63.2441  223.501  135.809
279.636  89.3459  300.467  154.533
246.349  90.3429  273.589  155.716
272.468  82.8564  297.766  151.041
217.159  78.2462  245.623  147.621
202.008  185.765  232.385  240.791
130.612  112.941  114.331  186.236
239.307  90.5976  268.808  156.565
184.512  116.071  212.024  180.916
208.538  77.172  235.993  146.764
251.872  100.287  280.172  162.656
196.578  65.3899  222.506  137.379
339.355  92.5394  341.208  156.382
317.583  96.2433  265.518  142.536
314.564  119.274  326.455  171.647
195.071  54.0825  219.872  127.879
253.705  91.7169  282.333  156.856
324.489  196.799  280.672  232.562
217.345  80.8163  246.104  149.665
196.147  98.1109  221.214  163.795
280.962  188.577  303.271  222.239
209.201  177.369  240.324  230.984
265.232  188.729  294.836  224.812
183.015  186.223  218.105  245.797
257.563  108.088  286.239  167.818
246.747  180.443  276.424  223.701
362.318  85.9582  347.972  151.33
277.243  116.052  302.409  172.248
285.571  93.3879  232.185  140.661
220.115  96.2902  316.018  170.188
270.939  95.2594  294.625  158.342
210.966  96.6463  239.193  162.149
196.828  63.5268  223.508  135.745
320.289  198.213  333.232  219.573
197.169  77.0846  225.668  147.306
204.711  173.557  234.843  228.54
225.012  183.514  255.495  231.797
209.172  176.246  239.431  230.217
322.668  199.429  334.121  220.034
337.7  117.7  341.667  169.914
218.154  92.6504  247.741  158.381
207.117  69.5609  306.086  156.473
316.067  100.984  265.82  146.845
329.346  191.056  285.361  225.686
208.356  117.095  239.239  178.665
261.06  109.917  289.658  169.337
196.489  179.31  224.994  236.516
285.377  182.474  308.04  216.589
231.786  94.5573  260.487  159.638
231.576  92.6892  261.145  157.859
200.479  185.884  231.207  241.671
341.461  115.269  341.617  168.12
136.111  64.881  127.671  133.942
329.94  105.407  334.139  163.032
196.092  109.626  221.569  174.095
283.48  102.743  303.636  163.08
323.039  112.592  272.432  156.215
286.755  89.23  307.042  154.917
309.306  108.503  323.313  165.867
218.173  174.276  249.177  225.965
322.525  83.823  328.484  150.483
303.94  131.723  318.886  179.372
214.9  96.2078  243.557  161.743
338.575  105.344  341.619  163.384
324.576  189.004  279.673  225.397
246.392  89.504  274.041  154.961
190.065  126.267  214.691  189.615
334.664  95.4529  340.17  157.872
295.23  126.929  312.876  177.753
190.343  122.473  215.592  186.174
204.695  168.619  231.18  224.49
137.322  111.492  130.205  183.127
324.824  109.999  275.208  154.845
259.944  89.8363  287.863  156.058
257.525  182.841  288.919  221.801
198.324  180.118  227.374  236.537
335.281  90.0479  340.176  154.994
154.055  107.734  161.116  177.312
230.662  84.7526  261.436  152.246
281.637  181.414  307.457  215.505
248.01  181.192  278.051  223.33
323.058  109.967  272.992  154.82
247.669  182.633  277.671  224.589
204.574  96.7497  232.191  162.814
216.74  79.2387  313.274  162.151
195.858  93.0065  221.118  160.108
320.2  115.384  329.035  168.396
340.027  89.8677  340.532  154.13
289.092  92.8927  236.541  139.961
286.755  89.23  307.795  154.335
244.868  109.959  273.911  169.53
306.479  104.962  257.552  151.559
137.745  56.5759  128.003  124.237
138.978  115.802  131.186  188.378
195.579  182.146  224.45  239.245
279.749  105.616  301.237  165.271
279.339  101.753  302.34  163.084
180.161  130.584  205.803  195.374
231.139  88.2314  260.332  155.319
329.446  103.852  333.736  162.358
307.071  93.3213  256.27  140.163
137.684  70.5324  133.068  140.417
234.596  92.726  264.572  157.659
260.437  110.288  287.804  169.693
213.748  69.8901  241.683  140.636
214.921  176.973  245.895  229.443
326.375  190.396  281.556  226.381
161.938  115.284  174.947  183.914
196.381  156.355  223.419  215.928
213.921  109.668  241.782  171.58
199.594  83.8548  227.931  152.941
198.543  173.868  225.454  230.776
295.34  102.219  312.744  162.697
261.263  85.9339  288.803  152.543
187.269  132.733  211.927  195.098
216.19  104.017  245.26  168.062
335.277  93.9465  282.63  140.248
310.359  200.544  325.324  223.306
305.193  117.686  321.177  171.801
310.658  204.886  325.315  227.573
181.735  128.771  212.782  192.258
216.809  90.4249  245.513  157.451
334.875  216.099  335.366  230.514
205.538  93.6368  232.738  159.163
207.486  175.6  232.49  231.507
322.942  93.437  270.945  139.751
138.227  107.026  134.727  177.897
276.577  100.083  300.428  162.33
191.972  191.071  223.682  248.135
225.388  175.31  256.877  225.188
240.897  99.3593  328.739  171.731
192.632  54.6262  216.799  128.908
250.466  86.7157  280.749  153.315
223.274  108.807  252.589  170.061
196.886  64.8038  224.369  136.49
327.288  96.3031  276.016  142.261
195.853  94.9038  221.104  161.936
275.087  84.0086  296.899  151.797
244.729  179.106  277.031  223.118
298.311  108.082  314.934  166.251
184.952  121.116  213.002  186.136
313.773  187.686  327.318  215.099
294.607  99.3992  243.416  147.013
234.213  96.8173  263.807  161.741
338.328  104.137  339.994  162.757
211.659  65.4077  239.56  137.048
246.655  183.366  276.207  225.28
248.732  66.5405  272.146  139.41
194.818  172.158  223.507  231.081
197.463  98.0931  222.073  164.454
190.8  126.197  215.941  189.785
307.998  90.9212  322.425  156.335
130.517  54.7097  116.132  121.783
137.185  112.304  128.829  185.106
179.546  187.025  194.304  252.238
225.855  200.092  257.63  245.444
271.722  202.355  298.298  233.623
229.461  98.5018  259.653  163.314
213.393  95.2109  242.55  161.527
166.996  114.741  179.262  182.746
287.434  99.3623  235.22  147.252
215.273  105.333  244.741  169.403
220.766  90.5758  249.734  157.595
208.817  107.747  238.053  171.898
292.788  124.018  242.531  170.165
340.482  103.511  341.47  162.537
194.883  116.044  220.7  180.276
219.144  90.6064  248.847  157.807
262.138  206.206  292.117  238.827
226.53  62.2478  255.375  135.298
284.966  116.107  305.243  172.024
213.373  98.2289  241.634  162.28
282.724  115.899  308.562  171.077
265.226  207.33  299.704  238.777
285.516  91.7567  306.35  155.387
215.313  48.7344  237.206  122.924
295.399  114.418  246.001  161.071
210.749  57.4379  237.863  130.714
297.882  116.215  247.671  162.388
303.173  203.803  321.673  226.63
281.469  109.301  229.18  157.174
340.156  218.516  342.309  229.287
330.379  198.833  285.978  231.821
218.895  186.414  249.879  235.42
263.762  95.1599  289.027  159.548
258.139  202.897  290.081  236.821
212.32  199.767  242.884  249.916
318.407  117.585  328.148  171.072
304.377  109.796  254.93  156.242
198.502  93.9223  224.093  159.434
320.393  189.861  275.792  227.927
279.551  89.9027  301.43  154.14
183.913  129.874  208.878  192.736
198.097  182.445  227.196  238.293
220.778  91.7474  249.783  158.621
213.461  108.723  242.415  172.356
138.183  117.483  130.774  189.082
261.864  111.038  289.191  170.537
135.702  62.3983  127.264  132.018
199.419  95.6883  226.513  162.772
323.369  199.977  335.736  221.114
239.32  97.884  268.752  162.558
334.541  94.1776  282.63  140.248
207.511  63.7734  235.372  135.497
157.113  113.039  163.613  182.753
176.658  116.646  210.073  181.89
265.3  98.5291  291.528  160.141
287.321  124.646  308.18  177.626
213.003  168.412  244.895  220.681
265.515  108.32  293.013  166.737
330.567  114.77  279.836  158.961
263.06  108.332  289.803  168.692
198.35  69.0084  223.185  138.858
194.873  111.841  220.937  176.883
335.158  109.576  340.114  166.471
308.57  102.949  262.129  150.822
317.318  184.947  272.4  224.204
192.086  181.864  213.466  241.119
237.914  195.02  290.934  233.018
45.1623  74.9049  385.387  184.911
317.152  126.887  269.204  170.63
231.919  93.0735  260.541  157.192
202.222  172.24  233.074  229.144
292.364  110.185  241.129  157.411
221.507  95.0253  250.986  161.333
195.034  64.5448  221.656  135.644
200.897  69.0344  226.303  138.866
282.627  109.271  230.161  157.272
200.26  166.338  224.074  225.376
190.977  120.859  215.16  185.371
286.476  100.622  234.127  148.829
292.104  101.203  240.636  149.176
159.086  114.684  160.398  184.174
197.936  99.3772  222.298  163.662
260.526  80.2484  287.543  148.148
314.07  185.611  327.169  214.179
227.15  63.1501  256.538  135.735
218.539  94.2754  247.183  160.85
230.71  106.496  260.498  169.557
175.216  166.924  193.196  233.562
330.452  93.9595  279.276  139.944
224.113  158.566  255.895  211.779
267.012  192.153  288.311  230.408
259.464  178.737  288.575  220.136
329.446  103.852  332.98  162.905
160.92  64.3443  174.138  133.765
202.509  53.4267  228.85  126.831
277.574  108.492  301.544  165.84
236.415  96.229  265.08  161.643
200.1  69.0384  225.005  138.631
271.234  200.4  298.763  231.434
186.738  63.0072  212.351  134.127
134.352  115.191  116.2  186.922
249.244  72.469  278.055  142.858
210.085  53.1098  237.108  126.984
238.524  174.092  278.829  219.849
286.364  102.11  234.034  150.41
277.347  111.034  301.254  167.387
264.972  92.4496  289.536  155.48
213.958  168.905  244.895  220.681
198.377  89.8873  224.732  158.398
211.912  95.0366  240.139  161.949
284.528  80.508  304.552  147.784
339.678  95.362  342.006  159.245
197.25  82.0251  222.329  151.854
190.297  121.315  213.791  186.127
245.682  182.068  275.78  226.453
130.657  113.927  113.264  186.089
225.186  199.216  253.664  245.172
375.631  113.445  351.31  165.128
321.189  189.586  279.218  227.384
213.051  61.5637  241.036  133.479
190.488  187.555  219.027  245.172
314.415  187.805  261.852  229.89
362.801  47.5232  347.603  134.486
225.817  62.5426  255.955  135.16
196.921  95.1695  222.095  162.838
158.626  114.012  168.687  184.049
181.64  189.589  198.622  253.002
180.498  125.246  202.607  188.512
274.982  188.639  304.326  223.662
260.287  200.645  272.209  239.634
264.434  84.2439  288.481  149.828
169.207  114.329  184.068  182.796
277.966  100.722  300.682  160.416
288.419  123.776  311.438  177.746
277.171  207.253  300.605  235.812
287.811  123.499  309.182  177.463
227.484  82.4444  321.99  165.076
268.844  193.459  294.927  230.02
137.878  125.75  127.018  197.917
278.477  94.7571  300.729  156.524
234.615  63.2025  263.674  135.618
184.92  124.008  207.841  189.608
244.965  197.378  278.38  235.452
316.677  104.228  263.879  150.88
282.316  92.9433  304.182  155.375
255.853  67.3288  282.976  139.087
241.083  95.181  269.746  157.885
257.811  63.3548  287.161  137.38
137.79  116.415  128.5  190.505
189.056  136.692  210.698  200.778
163.948  113.687  175.23  183.129
263.519  107.396  289.803  168.692
266.838  208.769  296.328  238.396
271.919  215.75  304.318  244.63
299.045  110.663  315.869  165.413
343.409  82.3073  341.064  148.501
197.829  189.561  226.991  244.273
340.544  93.1932  341.616  158.42
211.064  107.807  238.196  172.667
156.504  111.147  165.014  181.924
196.286  56.4137  222.628  128.34
196.514  172.88  221.836  229.32
187.702  86.3437  213.157  156.652
268.255  206.855  297.046  236.38
136.375  109.865  128.051  179.891
195.12  75.062  220.776  146.987
198.732  190.944  228.758  244.889
262.595  107.005  288.103  168.68
189.431  182.071  204.317  242.601
196.012  189.998  224.605  245.184
252.163  116.416  278.464  175.909
269.079  70.2936  296.16  141.531
202.818  66.2773  227.095  139.679
188.182  124.44  214.628  185.776
205.714  104.809  235.177  171.237
320.262  179.215  334.304  209.389
271.117  89.7764  294.593  152.761
185.474  113.557  209.278  180.792
188.02  82.5357  213.528  153.804
278.775  114.289  301.29  172.867
191.535  66.0131  214.212  139.451
222.383  105.882  318.581  177.602
195.688  62.5564  227.348  133.941
131.188  114.282  115.758  185.377
289.739  124.476  314.475  179.187
262.269  63.0137  290.884  136.56
192.525  53.2104  222.629  126.216
276.836  132.544  304.35  185.475
190.697  65.4997  214.212  139.451
187.294  65.4223  207.523  133.618
333.748  234.675  339.874  239.65
266.43  214.978  301.039  246.141
163.98  110.531  178.9  182.086
