1271.97  1105.89  359.509  1131.85
1426.43  906.415  508.011  928.719
1178.33  1033.75  264.632  1063.85
1431.07  985.545  511.965  1005.05
1001.83  1051.3  74.4114  1095.2
1293.33  828.818  378.272  856.038
1314.58  517.628  405.682  546.464
1117.45  972.935  201.627  1004.12
1025.83  1031.69  102.059  1072.64
1398.81  853.316  479.997  878.418
1434.05  851.482  514.767  875.76
1163.73  971.635  254.827  1001.67
1485.67  806.322  563.589  831.829
1300.44  818.96  384.97  846.459
1051.99  887.328  131.844  917.564
1247.02  1093.62  335.022  1121.27
1299.49  849.422  384.025  876.199
1362.61  999.15  448.024  1020.93
1053.81  732.822  135.322  757.639
1350.17  719.284  435.447  748.369
1311.13  483.784  402.24  513.456
1410.65  904.792  491.238  927.73
1242.91  1085.19  331.45  1113.28
1125.45  1074.17  209.932  1109.34
1310.33  1120.69  397.148  1144.08
1069.55  908.43  150.542  938.965
1052.14  1046.78  131.281  1086
1104.68  734.849  189.963  759.264
1432.33  980.009  513.447  999.633
1192.84  1065.48  279.778  1095.76
1472.57  864.26  551.23  887.303
1119.74  1028.07  203.94  1061.4
1386.57  1033.64  470.558  1053.75
1447.96  936.663  527.627  957.424
1482.05  812.654  559.386  838.112
1379.57  496.13  469.025  528.097
1415.45  836.776  496.962  861.89
1341.56  537.622  431.268  568.137
1080.58  913.349  161.479  944.352
1010.92  711.508  88.9128  733.894
1315.24  492.261  406.011  522.362
1417.05  1042.54  499.127  1060.88
1404.01  869.335  485.119  893.776
1385.87  799.277  471.239  825.023
1449.36  948.498  528.017  968.687
1232.36  1096.46  320.951  1125.66
1288.11  1110.7  375.867  1135.94
977.708  906.769  47.6819  937.392
1228.04  1146.18  315.69  1176.22
1560.59  972.145  633.069  988.015
1307.95  612.399  395.751  642.778
991.048  1012.95  61.8317  1054.77
1409.76  1058.68  492.461  1076.99
1332.73  536.195  423.169  565.806
1341.62  529.353  432.189  558.807
1452.51  949.542  532.411  969.702
1284.18  1076.41  372.805  1101.89
1103.95  549.651  190.625  570.01
1009.31  1001.7  83.3799  1041.38
1474.03  983.588  552.255  1001.59
1349.56  996.044  433.292  1018.07
1302.73  1110.7  389.874  1134.6
1432.04  894.734  511.561  917.51
1366.75  512.845  456.24  544.47
1238.29  1109.09  325.917  1137.29
1246.87  925.494  332.161  951.916
1393.53  974.719  475.602  995.9
1458.58  953.188  537.423  973.062
1219.03  866.903  301.69  895.828
1361.94  1038.58  447.313  1059.86
1074.55  930.674  154.54  962.351
1097.37  945.697  178.491  976.812
1443.96  946.864  523.879  967.409
1133.64  991.589  217.788  1022.34
1432.71  1114.65  516.456  1131.14
1436.87  865.515  519.485  888.858
1397.31  831.621  480.194  856.934
1144.19  567.179  233.106  588.153
1468.63  830.177  547.266  854.78
1122.33  1021.66  205.865  1054.08
1432.28  993.893  513.793  1013.02
1323.67  840.668  407.825  867.362
1420.27  936.912  503.001  958.185
1306.57  727.562  391.668  757.351
1499.75  867.347  579.594  889.362
994.146  834.342  69.1866  863.328
1048.48  729.866  129.479  754.776
1354.88  975.237  440.13  997.824
1438.93  879.879  520.222  902.69
1346.67  1087.66  432.751  1108.97
1349.84  1086.5  434.675  1107.2
1363.17  1137.86  449.863  1158.29
1005.95  1055.44  79.2089  1099.56
1439.24  926.151  519.319  947.638
1381.55  791.065  466.161  817.703
1532.89  965.483  605.789  982.597
1113  719.596  198.682  743.811
1447.33  929.946  527.965  951.012
1423.98  911.488  504.5  933.954
1380.2  1073.62  464.366  1093.04
1141.26  574.022  230.288  594.874
1479.61  941.17  555.772  961.048
1335.25  998.554  420.401  1021.13
1505.22  848.391  581.975  871.766
1434.38  891.436  514.893  914.05
1434.95  903.782  514.627  926.329
1432.88  905.065  510.972  927.515
1102.08  723.813  186.894  748.446
1127.78  557.506  216.4  577.176
1357.25  1001.28  441.774  1023.29
1265.64  1092.96  352.953  1119.25
1410.08  871.997  490.499  896.077
1048.11  1047.38  126.699  1087.29
953.387  834.989  24.0132  864.152
1471.56  964.397  550.568  983.51
1476.1  835.758  553.828  860.419
1342.59  507.396  433.108  537.369
1447.7  977.711  523.71  996.938
1483.75  810.514  562.057  835.587
1303.86  724.257  390.378  752.708
1306.62  878.677  392.364  904.091
1129.27  1055.59  213.563  1089.41
1206.82  1020.14  295.639  1049.01
1404.45  845.23  485.796  870.625
1451.36  962.747  530.737  982.563
1127.72  984.866  210.343  1015.59
1129.6  663.54  216.563  686.838
1220.79  993.541  308.504  1021.29
1403.69  891.206  486.156  914.358
1376.4  497.5  465.594  529.518
1473.77  829.926  551.334  854.591
995.251  1031.8  67.2468  1074.28
1519.94  952.661  593.473  970.483
1273.34  1077.45  360.365  1103.08
1487.21  814.102  565.052  839.452
1217.61  646.275  307.058  672.008
1304.88  492.918  396.118  521.574
1215.22  993.78  302.637  1021.74
1336.51  533.798  427.261  563.343
1436.4  809.914  517.414  835.47
1327.5  843.859  411.802  869.965
1050.11  733.779  131.429  759.656
1380.66  801.584  465.595  827.391
1380.04  786.286  467.53  811.392
1429.8  905.776  509.222  928.511
1471.5  833.356  549.318  858.306
1444.38  933.926  524.909  955.04
1472.41  846.318  550.987  870.452
1490.78  850.317  567.622  873.634
1385.52  865.891  468.19  890.301
1400.27  1095.67  485.953  1114.83
1450.41  976.08  528.533  995.434
1390.76  864.523  472.089  889.159
1436.83  979.934  516.851  999.159
1299.91  474.461  391.911  503.088
1368.35  1088.32  453.408  1108.18
1120.8  991.333  203.318  1022.57
1112.57  851.48  196.393  879.649
1192.98  512.855  284.258  535.72
1422.49  865.393  503.518  889.148
1476.45  847.655  554.098  871.336
1230.7  1095.64  317.969  1124.3
1351.5  1087.4  437.188  1108.74
1444.84  885.586  522.917  908.935
1410.92  826.797  492.587  852.158
1453  534.152  538.22  568.67
1121.01  983.983  203.663  1014.58
1270.32  1092.69  358.756  1118.83
1288.35  1080.3  375.391  1105.21
1426.05  908.129  505.938  930.85
1084.84  916.729  166.168  947.213
1374.08  631.743  460.573  662.029
1192.61  517.687  283.993  540.27
1169.89  724.621  256.479  752.601
1154.31  1068.81  239.42  1101.41
1435.31  893.643  517.805  915.721
1474.3  866.874  552.19  889.669
1123.49  981.339  207.085  1012.59
1437.45  973.4  517.072  993.338
1353.2  1070.42  437.941  1091.01
1445.55  949.294  525.514  969.872
1268.84  1081.64  355.991  1107.69
1486.83  657.064  566.262  688.787
1271.37  1079.58  358.339  1105.4
1514.63  807.262  589.915  832.345
1108.28  1054.89  191.746  1090.62
1244.88  1089.99  332.412  1117.13
989.599  1030.4  60.4564  1073.95
1424.53  904.109  504.706  927.03
1500.35  834.803  576.956  859.174
1344.1  1090.82  430.128  1112.63
1326.99  540.306  417.718  569.759
992.72  1027.09  63.6427  1069.75
1531.69  795.715  605.76  821.211
1422.1  907.818  502.215  930.079
1350.73  1072.45  436.162  1093.31
1432.82  870.235  513.788  893.455
1521.28  744.142  597.592  772.577
1248.34  1110.9  335.785  1138.76
1385.31  997.131  469.082  1018.33
1282.24  487.105  373.378  515.227
1185.96  512.878  276.919  535.934
1151.41  1050.79  236.147  1082.8
1438.07  928.993  519.448  950.501
1122.73  988.534  205.901  1019.93
1139.75  1069.48  224.204  1103.07
1392.51  548.605  479.931  580.565
1422.22  847.393  502.483  871.969
1411.92  860.374  493.074  885.185
1079.29  725.928  163.083  750.668
1451.43  500.047  536.763  536.104
1502.13  847.804  580.038  871.231
966.529  828.762  38.1228  857.25
1112.51  676.15  198.964  699.566
1182.05  1026.26  267.62  1055.98
1376.68  1065.67  461.587  1086.1
1053.98  948.115  132.585  980.221
1420.32  983.415  501.813  1003.01
1412.59  835.007  495.076  859.659
1403.72  897.573  484.711  921.299
1314.21  1121.43  401.177  1144.31
1440.51  891.478  522.62  913.45
1439.31  921.437  518.588  942.685
1136.94  581.695  224.793  603.692
1335.82  1105.99  422.361  1127.6
1445.95  924.912  526.195  945.739
1344.72  1073.38  430.834  1094.65
1460.2  809.861  539.022  835.311
1461.53  964.655  540.723  984.263
1140.06  579.754  228.055  601.844
1268.62  1091.37  356.477  1117.15
1303.8  496.841  394.755  525.539
1140.95  582.743  229.077  604.549
1367.8  515.618  457.434  547.426
1352.13  1005.28  436.941  1026.89
1449.88  835.869  527.727  860.729
1326.68  628.822  413.492  659.257
1499.96  826.495  576.654  851.346
1230.76  1102.07  318.551  1130.44
1355.3  1043.78  440.503  1064.71
1336.39  1070.22  420.904  1091.31
1187.68  516.559  278.702  539.796
1341.19  451.267  433.229  481.617
1118.8  548.077  206.307  567.726
1440.94  930.078  522.496  951.523
1456.46  979.243  535.917  997.709
1367.29  1085.19  452.225  1104.93
1084.64  913.265  165.424  944.734
1071.59  912.576  152.297  943.033
1324.75  873.179  409.496  898.299
1451.84  782.04  532.594  808.22
1331.04  622.319  418.571  652.161
1409.85  1055.72  491.897  1074.42
1357.18  1072.09  442.193  1092.45
1361.36  984.18  445.017  1005.75
993.229  1013.31  65.1079  1054.63
1313.62  857.177  393.003  885.531
1204.44  1019.45  290.735  1048.16
1319.92  488.13  410.713  517.554
1080.53  706.176  164.415  728.027
1394.17  987.603  477.123  1008.78
1467.45  865.591  544.967  888.58
1238.84  986.411  325.691  1012.59
1104.68  938.792  185.405  969.189
1394.14  833.165  476.077  858.492
1055.16  1049.95  134.133  1089.18
1457.11  975.225  536.339  994.623
1413.17  830.806  495.063  856.588
1108.39  715.191  193.669  738.887
1091.54  1024.96  173.552  1058.62
1006.21  714.982  83.3028  737.257
1139.7  549.148  229.185  569.424
1462.64  833.432  540.877  858.742
1382.45  980.167  466.237  1001.99
1111.54  931.596  192.653  962.632
1420.52  915.274  501.887  937.029
1190.45  974.236  275.662  1002.88
1177.25  1132.54  263.453  1166.41
1380.03  1069.73  464.113  1088.88
1467.76  845.13  545.23  869.035
1352.53  851.813  437.136  877.699
1442.4  921.211  524.961  941.985
1322.53  835.177  406.712  861.433
1308.99  841.984  393.905  868.088
1398.42  527.54  486.215  559.606
1151.69  545.168  241.154  564.896
1169.54  1019.14  255.164  1049.63
999.268  1050.63  71.0745  1094.3
1201.38  1016.85  286.55  1045.36
1485.96  975.416  563.778  992.988
1435.88  952.937  516.204  973.865
1431.48  892.211  511.747  914.598
1406.12  1076.78  488.194  1094.19
1500.37  951.544  575.52  969.714
1393.78  1092.44  477.391  1110.44
1468.32  839.017  546.421  862.991
1301.51  491.317  394.048  519.181
1050.06  1009.61  129.369  1047.69
1145.44  941.249  229.557  971.129
1394.31  848.372  475.859  874.194
1226.93  993.955  313.504  1021.52
1206.39  716.289  293.881  743.1
1412.22  889.455  492.556  913.488
1397.76  984.927  480.014  1006.1
1349.85  838.834  432.71  865.804
1406.15  871.96  487.368  895.641
1390.91  854.115  472.345  879.868
1386.84  537.847  474.459  569.772
1319.97  870.248  404.255  895.568
1444.51  930.714  524.833  952.233
1400.41  986.02  482.755  1007.09
1057.95  723.341  139.575  746.701
1474.22  966.374  552.313  985.66
1379.34  979.971  462.577  1001.94
1198.41  503.507  290.622  525.53
1057.29  1047.04  137.506  1085.97
1074.28  913.861  155.49  943.919
1358.91  644.162  448.232  672.771
1433.75  958.874  513.998  979.714
1415.15  889.968  495.977  913.842
1406.26  1081.53  488.913  1098.93
1421.37  501.591  508.619  536.395
1370.85  517.255  459.744  548.489
1439.12  963.561  518.604  984.069
1373.99  1014.64  457.873  1036.08
1160.65  968.108  249.378  997.275
1306.64  822.546  395.41  848.516
1463.04  825.545  540.773  850.346
1367.37  997.571  450.569  1019.53
1103.98  932.556  184.748  962.832
1485.96  795.929  563.424  821.513
1350.89  1093.66  436.568  1115.28
1411.3  832.968  492.777  857.834
1475.47  850.243  553.217  874.631
1437.16  998.458  517.971  1017.89
1235.61  1102.26  323.334  1131.36
1251.72  1094.8  339.438  1121.35
1395.38  829.739  477.347  854.995
1432.19  996.198  513.581  1015.92
1372.54  613.844  459.576  645.379
1325.74  1069.15  409.39  1090.19
1303.84  857.057  387.95  883.086
1141.85  727.871  228.409  752.582
1053.44  723.906  135.785  747.179
1436.02  919.923  516.168  942.179
1442.24  799.842  522.485  825.554
1408.82  852.587  489.927  878.045
1368.7  990.919  452.121  1013.04
1122.35  1024.45  205.399  1057.18
1433.25  967.295  513.768  987.904
1422.53  569.791  509.239  602.484
1338.04  1071.47  425.613  1093.34
1523.03  746.898  598.377  774.571
1467.93  937.295  548.696  957.9
1418.65  912.453  499.17  935.479
1351  793.979  435.587  820.454
1427.11  870.142  509.533  894.131
1425.39  567.813  512.094  600.546
1230.98  994.853  316.329  1022.11
1157.75  1063.04  242.808  1095.48
1430.75  868.036  511.768  892.302
1339.73  1109.05  425.857  1130.01
1338.87  751.261  426.15  778.983
960.303  843.797  30.6121  873.159
1478.8  815.337  556.388  841.367
1013.24  710.588  92.0966  732.371
1420.98  903.59  501.425  926.914
1441.94  946.478  520.359  966.446
1505.46  842.497  581.955  866.676
1345.61  1042.76  431.513  1064.02
1501.39  966.238  576.747  983.553
1108.84  705.2  193.515  730.052
1136.51  1079.16  221.919  1113.23
1455.5  982.512  534.846  1001.88
1393.98  796.054  476.63  822.257
1074.77  963.224  154.698  995.886
1411.15  865.694  491.975  890.695
1365.18  809.475  448.501  835.66
1254.66  1085.31  341.877  1112.64
1309.13  856.218  392.779  882.242
1445.47  1052.66  526.502  1068.97
1404.06  1093.55  487.281  1110.85
1433.7  949.311  512.764  970.626
1399.46  514.775  486.464  547.92
1518.93  948.124  592.295  965.787
1415.95  919.086  496.312  942.014
1442.96  758.448  524.329  785.346
990.543  940.779  62.9996  975.461
1335.51  728.83  420.669  757.163
1334.21  628.476  422.097  657.426
1420.01  1043.56  500.786  1060.92
1429.01  866.936  507.418  891.922
1079.91  907.993  161.563  937.565
1335.87  452.56  428.497  482.372
1088.22  704.07  173.012  728.72
1144.4  1042.72  228.973  1075.36
1355.26  546.248  443.944  576.656
1310.88  1085.64  397.872  1108.42
1168  970.529  256.596  1000.65
1251.39  1091.82  338.504  1119.42
1154.67  1064.59  239.8  1097.51
1174.89  848.743  259.874  876.397
1314.7  1083.48  401.577  1106.03
1201.68  1088.93  288.245  1119.62
1408.91  1091.95  491.771  1108.94
1224.31  1119.86  313.534  1149.89
1415.51  1052.9  498.893  1070.7
1020.69  1027.72  95.5989  1068.08
1103.77  1028.23  187.795  1062.24
1360.96  986.093  445.048  1008.74
1397.2  801.736  479.352  827.785
1419.49  631.212  505.36  660.74
1433.2  865.855  514.289  888.825
1477.7  955.088  555.314  974.903
1370.85  810.937  454.349  836.788
1342.98  747.841  428.841  774.966
1530.53  970.683  603.468  988.157
1173.69  722.509  260.74  750.748
1009.8  677.13  88.7766  697.744
1278.18  855.764  363.799  881.706
1442.06  924.887  522.511  945.483
1272.26  712.775  358.113  743.53
1365.42  979.444  448.863  1002.08
1042.13  720.126  123.476  745.405
1522.87  953.355  596.48  970.553
1417.51  567.249  504.562  599.982
1395.93  837.749  477.205  862.767
1000.61  718.101  78.2283  740.511
1501.99  873.179  579.426  895.917
1307.62  853.068  391.798  878.927
1054.09  940.116  132.68  971.763
1361.29  976.784  444.487  998.189
1427.97  511.093  514.433  546.509
1413.78  924.142  494.645  947.001
1397.1  858.764  479.505  884.147
1359.8  1066.59  445.073  1086.67
1253.16  1088.31  340.186  1115.79
1313.54  486.144  406.123  514.84
1407.07  862.886  488.473  886.596
1142.6  699.63  229.618  723.112
1333.4  460.825  424.172  490.689
1440.9  950.022  520.276  971.19
1232.95  1104.15  319.976  1133.22
1355.87  965.59  439.356  987.432
1376.55  848.481  460.219  872.891
1483.13  778.24  561.928  804.059
997.301  999.985  69.7854  1040.85
1501.12  751.662  578.525  778.761
1526.52  977.407  598.637  994.698
1333.8  1014.41  420.417  1036.45
1201.87  885.448  286.507  912.726
959.88  804.801  30.495  831.954
1242.94  966.938  330.16  994.107
1415.49  826.845  496.968  851.612
1035.49  851.511  114.961  881.875
1203.65  1110.92  294.398  1143.71
1499.75  867.347  576.163  889.111
1481.43  794.006  558.951  819.562
1404.16  744.172  486.821  771.86
1525.47  955.073  599.181  972.026
1523.67  751.311  598.35  778.777
1047.91  887.934  128.083  918.768
1394.37  1073.21  478.179  1091.32
1416.54  501.937  504.139  536.803
1429.18  837.594  510.836  863.119
1450.77  935.706  532.129  957.072
1332.75  453.925  423.775  483.478
1458.18  984.177  537.079  1001.97
1401.53  843.188  483.576  869.178
1184.34  722.972  274.401  747.699
1308.09  541.374  398.275  569.448
1398.94  712.674  483.151  740.721
1249.56  707.834  336.974  735.094
1414.16  504.964  502.071  539.428
1334.98  745.83  422.104  774.104
1471.98  839.288  550.007  864.49
1025.6  873.07  102.594  902.531
1189.73  504.206  281.946  526.005
1450.4  1052.75  533.1  1069.03
1379.41  860.768  461.529  886.743
1272.01  720.09  357.522  748.923
1328.65  456.278  419.516  485.876
1316.89  746.451  401.59  776.625
1416.83  908.797  497.974  932.179
1171.41  526.075  262.442  548.382
1296.82  827.485  384.372  854.393
1053.07  730.054  133.878  753.896
1417.99  505.612  505.487  540.48
1314.45  488.425  404.708  517.796
1084.38  905.067  165.491  934.808
1522.4  962.202  595.984  978.845
1431.67  952.662  512.041  974.101
1139.83  943.75  223.862  974.181
1345.85  835.439  429.466  860.932
1473.61  535.368  557.102  571.721
1431.67  854.475  512.477  879.555
1389  1003.61  472.809  1025.07
1250.74  1089.22  337.286  1116.71
1128.77  940.932  213.156  971.603
1306.36  864.923  391.177  890.186
1341.3  541.33  430.68  570.714
1342.22  532.417  431.736  561.888
1525.76  748.067  600.342  775.608
1208.57  645.2  297.281  670.492
1405.86  887.413  487.439  911.848
1309.71  486.4  400.081  515.517
1416.88  937.109  498.766  959.501
994.696  999.11  66.915  1039.93
1517.63  805.724  592.579  830.284
1183.37  973.377  270.377  1002.95
1427.59  913.359  506.68  936.541
1355.69  1037.1  442.654  1058
1413.94  929.11  494.681  951.956
1388.84  723.526  471.304  752.385
1551.33  967.751  622.738  983.165
1331.94  533.896  421.393  563.276
1144.58  582.973  232.28  604.994
1210.65  703.336  296.649  731.641
1394.38  712.883  479.089  740.596
1299.87  843.912  384.148  869.937
1310.85  519.15  400.976  547.721
1425  876.682  506.066  901.102
1424.03  916.693  504.152  939.774
1298.9  1151.5  386.682  1175.21
1122.95  1027.53  205.936  1060.69
1414.47  1114.38  497.155  1130.32
1359.15  719.902  443.627  748.22
1552.31  971.709  623.301  986.85
1137.63  1065.63  221.837  1099.88
1306.63  522.826  396.799  551.14
1408.52  762.4  490.997  789.215
1294.54  1142.77  382.233  1166.62
1378.35  801.751  461.438  827.634
1509.78  873.635  586.953  894.506
1197.99  989.732  285.385  1019.11
1396.82  515.872  484.399  547.9
1397.27  988.448  479.523  1009.96
1106.77  719.761  190.866  744.854
1214.84  1110.52  303.242  1142.49
1420.27  564.702  507.284  597.841
1456.66  755.593  536.566  782.552
1297.92  859.617  382.796  885.067
1169.96  1012.3  254.989  1042.88
1322.39  827.753  406.536  853.695
1362.14  738.397  447.135  767.911
1424.01  868.428  505.004  893.257
1095.25  935.994  176.188  966.032
1451.33  845.099  528.944  868.953
1126.9  977.758  209.755  1009.25
1413.58  778.014  495.947  804.121
1573.82  995.516  641.373  1008.51
1388.65  995.948  471.925  1017.67
1354.35  797.237  438.45  823.338
1210.16  1006.88  295.389  1035.44
1386.29  993.684  470  1015.59
1519.56  956.198  592.75  973.088
1398.47  844.799  480.507  871.002
1410.55  912.558  491.219  936.205
1391.96  991.558  475.327  1013.3
1435.32  1133.03  508.124  1145.79
1165.56  1018.23  250.526  1049.22
1144.39  791.407  229.878  817.439
1398.82  997.59  481.46  1018.9
1439.93  850.958  521.371  875.935
989.904  1012.71  60.916  1051.85
1373.81  519.918  462.327  550.781
990.115  958.348  62.4273  992.801
995.773  1028.41  66.4269  1071.05
1486.29  838.415  563.656  863.581
1179.78  1024.37  264.917  1054.72
1143.04  1025.43  227.525  1057.96
1483.76  772.26  562.607  798.035
1504.48  626.46  583.141  658.804
1396.37  810.184  478.561  835.564
1429.49  886.3  508.482  910.702
988.676  872.704  61.6674  903.484
1358.58  1127.28  444.481  1146.61
1404.18  802.582  485.939  828.196
1387.69  819.206  469.412  844.652
1233.83  854.662  320.84  880.401
1451.59  774.208  532.575  799.949
1124.99  1026.22  209.523  1060.42
1354.48  999.315  437.634  1022.15
1437.31  1100.7  520.276  1118.24
1229.65  805.369  315.382  832.282
1538.26  968.536  611.189  986.237
1496.33  752.69  573.59  779.625
1394.41  1130.59  479.577  1147.91
1432.58  838.815  515.104  864.217
1012.68  1018.34  88.4059  1057.79
1150.34  547.668  240.824  568.808
1397.97  874.461  479.083  897.746
1357.87  1137.78  443.849  1157.06
1184.11  856.046  268.929  883.279
1144.04  1028.46  228.571  1061.09
1193.71  872.25  278.54  899.32
1382.12  840.38  464.865  867.062
1505.8  786.791  582.673  814.102
1229.21  857.291  314.881  883.633
1396.73  718.828  479.921  747.026
1212.02  669.545  303.434  694.253
1366.61  815.484  450.608  840.689
1371.05  995.329  453.775  1017.69
1433.43  760.998  515.438  787.271
1149.92  1044.14  234.223  1076.69
1147.46  955.293  231.382  985.87
1326.3  803.322  410.686  829.6
1445.77  857.312  526.226  882.193
1413.97  892.914  495.107  917.223
1123.47  937.799  205.71  966.846
1101.89  891.661  183.482  920.821
1455.64  985.883  535.846  1003.47
988.401  878.837  61.3671  910.263
1007.77  721.55  86.471  744.073
1398.09  841.693  480.053  868.166
1420.1  1078.79  503.968  1095.51
1352.4  713.41  437.314  741.527
1219.03  866.903  304.091  893.515
1411.39  799.857  492.255  825.634
1179.65  1027.35  264.751  1057.86
1353.3  983.946  439.044  1007.46
1094.72  930.709  175.656  960.536
1408.91  889.295  492.556  913.488
1488.93  983.71  566.231  1002.41
1135.09  552.183  225.341  571.37
1321.4  729.603  407.249  757.031
1481  1073.78  558.155  1086.81
1101.92  975.689  183.041  1008.1
1414.62  1098.43  497.103  1114.42
1319.57  873.435  404.111  897.964
1279.81  717.056  367.627  743.447
1122.49  808.646  206.248  835.614
1155.44  1018.53  242.631  1048.91
1391.03  781.642  474.205  807.615
1274.9  856.179  359.443  882.098
1344.92  1010.73  427.93  1033.75
1324.98  484.886  417.426  514.822
1439.02  757.956  520.297  784.447
1083.16  907.166  164.485  939.166
1111.67  1043.48  194.362  1078.58
1435.95  904.733  517.907  927.929
1004.41  1053.12  76.2433  1096.69
1416.11  798.109  497.448  823.585
1356.21  831.468  440.61  856.199
1353.62  711.179  439.397  738.662
1354.57  981.186  438.013  1002.26
1419.09  781.536  499.616  807.917
1120.68  659.64  208.512  683.124
1522.72  959.128  596.35  975.565
1368.71  812.074  450.918  837.928
1393.91  716.569  481.52  744.804
1119.99  663.473  207.811  686.883
1360.28  1124.87  445.899  1143.83
1096.05  802.16  178.626  828.836
996.57  853.798  70.7574  884.432
1127.14  1055.95  211.022  1091.05
1359.13  715.806  443.869  743.736
1500.7  839.803  577.438  864.812
1339.99  534.623  429.303  563.702
1365.03  511.576  454.34  541.424
1106.35  1053.81  187.993  1088.97
1223.4  859.903  308.979  886.187
1477.64  529.871  561.853  566.215
1096.47  961.432  177.574  993.905
1381.09  1067.45  465.563  1085.93
1328.21  529.872  417.349  559.209
1178.66  1013.38  263.804  1043.83
993.655  879.522  66.9869  910.738
1495.14  769.181  571.048  795.673
1383.94  1014.38  469.211  1033.91
1186.31  1029.39  274.081  1058.2
1440.51  974.254  520.377  995.027
1309.38  848.967  393.516  874.358
1111.13  718.828  195.745  742.472
1333.96  563.843  422.412  593.085
976.425  1023.27  46.1614  1066.95
1427.65  1106.86  509.802  1121.94
1303.03  848.357  387.327  873.834
1424.34  1094.82  506.445  1110.31
1399.1  509.943  486.147  542.291
1426.75  887.717  506.648  909.695
992.13  866.075  65.4806  896.799
1385.16  1090.25  469.527  1108.07
1144.84  952.371  228.81  983.182
1550.9  964.092  622.429  979.339
1166.71  1048.01  251.77  1080.06
1164.72  800.52  249.612  827.498
1411.9  762.389  493.109  789.34
1308.34  831.413  394.056  856.559
1432.25  886.78  512.509  908.541
1405.93  506.979  491.158  541.357
1401.81  514.131  489.966  545.019
1416.87  634.359  500.782  664.601
1152.43  541.61  243.289  562.785
1417.88  825.29  501.779  851.402
1168.08  701.62  253.491  728.755
1139.43  952.144  224.655  983.179
1128.21  715.742  215.107  742.576
1242.65  963.777  328.615  991.436
1099.43  549.326  187.481  568.355
1129.27  711.864  214.856  735.54
1000.11  856.111  74.5372  886.935
1377.4  498.623  467.026  532.453
1302.99  827.221  388.52  852.599
1060.29  720.471  141.251  744.104
1326.15  797.033  410.504  823.235
1124.22  713.81  209.491  737.509
1356.21  823.003  438.545  848.597
1192.53  1025.34  282.748  1054.57
1363.03  794.394  446.596  820.235
1329.42  538.245  418.497  567.247
1178.43  850.896  263.075  877.95
1355.73  1086.28  442.818  1106.28
1163.54  786.537  249.252  812.509
989.174  867.139  62.2413  898.295
1418.46  776.184  499.79  802.269
1423.89  501.811  512.054  536.78
988.99  1009.95  60.916  1051.85
1491.76  974.397  568.596  993.616
1341.75  796.338  425.635  822.428
985.097  1047.66  56.1002  1093.46
1368.4  794.996  451.398  820.911
1410.1  1077.52  493.051  1094.1
1163.83  1013.89  248.227  1045.06
1366.13  521.205  456.521  553.482
1093.56  1023.69  176.422  1056.58
1028.61  904.447  105.281  933.357
1082.83  1089.8  162.507  1128.36
1171.13  1045.17  257.045  1077.47
1125.08  1031.65  209.409  1066.4
1206.66  1038.57  293.704  1065.82
1114.14  981.716  197.881  1011.81
1299.67  837.545  383.998  863.177
1209.85  866.523  294.953  892.935
1426.13  853.38  507.068  879.206
1121.61  852.365  207.635  881.032
1211.73  1109.07  301.418  1142.91
999.49  1028.88  70.3878  1071.11
1427.88  843.646  511.138  869.188
1354.11  794.028  438.033  819.821
1189.96  1057.46  276.26  1088.97
1064.77  922.024  143.895  952.371
1457.98  978.45  538.086  995.886
1087.75  882.131  168.455  911.222
1383.48  994.534  466.767  1016.93
1403.47  764.522  486.676  790.458
1419.41  1057.52  503.142  1074.36
1173.95  887.511  258.501  914.471
1406.09  1121.26  489.656  1137.15
1367.89  985.824  451.688  1009
1336.14  795.548  420.101  821.625
1181.22  853.617  265.649  880.634
1187.32  974.509  276.741  1004.85
1173.95  1035.01  262.525  1064.99
1093.45  1093.13  174.68  1132.88
1143.99  696.85  230.227  720.398
1389.1  1131.66  474.048  1148.63
1132.5  557.362  222.744  577.189
1163.97  1019.8  248.4  1051.22
1392.51  995.362  475.898  1017.5
1422.37  943.681  500.635  963.491
1168.86  1046.07  253.769  1078.07
1469.85  835.783  547.911  858.83
1298.94  824.365  382.918  850.384
1232.82  839.333  317.807  865.692
1398.38  787.819  482.88  812.448
1125.75  1061.76  210.569  1094.39
1274.35  1090.99  364.17  1116.18
1397.2  992.423  479.503  1014.41
1064.93  916.331  144.052  946.5
973.422  992.018  43.2543  1032.8
1101.21  554.966  189.609  573.915
1312.02  498.639  401.282  527.935
1137.05  663.813  222.954  687.194
1382.71  987.572  466.914  1010.33
1133.57  946.898  218.114  978.241
1417.08  784.455  498.196  810.13
1054.16  1011.1  132.512  1048.5
1488.54  833.681  565.78  859.593
1136.13  676.181  222.04  699.351
1409.49  1074.28  491.914  1090.62
992.207  869.576  65.744  901.745
1074.48  939.952  154.537  970.05
1183.23  1031.99  268.075  1062.74
996.927  871.687  70.272  902.242
1496.31  748.175  573.521  774.802
1363.41  645.383  450.33  673.276
1309.3  639.843  396.502  667.935
1310.43  827.476  394.728  852.969
1238.98  726.744  326.384  752.567
1089.4  848.548  170.616  876.582
1423.05  811.168  501.092  836.684
1275.11  724.708  360.475  752.526
1270.79  728.281  356.636  755.62
1397.24  1067.69  481.365  1085.07
1493.39  751.477  571.282  777.714
1489.19  841.2  566.416  866.777
1423.32  510.385  511.526  545.335
1140.56  711.075  226.145  735.302
1421.31  1119.08  503.57  1133.76
1431.34  1103.04  513.955  1117.87
1142.8  1040.24  226.494  1073.47
1140.46  546.863  231.158  567.367
1204.79  987.362  293.069  1017.25
1417.87  898.753  497.206  920.286
1534.37  980.542  607.585  998.335
1088.51  561.27  176.057  580.277
1302.41  833.843  386.596  859.321
987.065  1041.91  59.0861  1086.19
1498.64  1085.06  573.9  1096.11
1415.36  803.905  497.224  828.459
1141.22  708.538  227.316  731.721
1294.46  834.759  378.952  860.221
1099.57  960.59  181.267  993.457
1512.6  851.412  589.632  875.885
1432.24  838.733  513.33  861.753
1091.82  847.56  173.32  875.165
1415.26  1080.58  500.239  1097.17
1140.65  656.676  229.288  682.276
1201.02  720.97  288.269  746.001
1310.79  817.523  395.954  842.716
962.787  786.526  32.5333  811.497
1126.57  630.057  214.639  655.601
1168.05  1011.85  252.003  1042.91
1415.2  632.135  499.634  661.553
1397.64  1095.21  481.647  1111.86
1232.82  839.333  320.2  868.033
1156.5  727.378  242.832  751.415
1407.55  1115.12  489.181  1130.04
1473.92  974.284  552.685  994.467
1496.35  957.085  572.679  977.281
966.004  937.207  35.9083  973.621
1421.85  1130.6  505.796  1145.54
1309.14  792.072  393.307  818.385
1093.54  556.007  181.759  574.115
1107.02  1025.7  189.611  1061.12
1044.06  904.403  121.807  934.23
1416.99  779.124  499.616  807.917
1037.66  1033.12  113.574  1072.59
1108.38  800.617  191.174  826.958
1453.51  951.246  532.321  972.996
1426.09  945.537  504.816  964.885
1096.64  552.769  185.033  571.311
1466.27  499.067  552.352  536.086
1345.25  979.106  429.589  1000.02
1398.4  864.222  479.658  887.114
1386.01  718.55  468.119  746.854
1088.56  564.118  176.326  582.716
1089.72  556.629  177.542  575.58
1419.65  947.723  501.188  970.613
978.666  914.037  49.3096  948.041
1293.94  718.603  380.749  749.591
1418.54  1115  501.986  1130.12
1330.37  563.455  418.417  592.307
1354.58  791.822  445.527  813.902
1354.24  827.99  438.795  852.124
1416.34  1129.61  500.036  1144.59
1132.04  712.798  217  736.909
1502.82  850.299  579.693  875.331
1427.56  1054.35  512.024  1070.75
1099.63  558.101  188.308  576.624
1413.13  874.498  494.411  900.25
1430.32  937.411  508.436  956.887
1422.41  921.081  502.742  944.97
1121.1  809.491  207.128  838.34
1110.88  799.583  193.857  825.579
1096.61  854.941  177.618  883.201
1171.14  892.466  255.862  918.944
1155.57  635.255  245.256  660.752
990.326  947.344  62.8421  980.064
1487.66  870.461  565.418  894.903
1551.96  1070.39  622.627  1079.3
1226.32  860.518  313.592  885.262
1136.19  723.087  221.095  747.536
1146.53  789.183  231.03  815.055
1354.11  794.028  439.629  822.746
1426.07  1085.92  508.561  1100.99
1004.2  854.688  78.3183  885.152
1373.86  1142.44  460.944  1160.47
1480.91  938.467  558.269  960.166
995.54  1024.03  69.9302  1064.75
1339.36  1043.1  428.173  1063.97
1300.98  715.739  387.694  741.967
1345.36  840.689  430.186  864.432
1196.09  1012.86  284.593  1044.31
1201.54  731.633  286.43  758.94
1418.14  1130.2  503.082  1145.42
1325.79  843.049  409.114  867.682
1274.39  745.74  359.884  777.53
1425.32  863.121  506.513  885.036
1310.88  1085.64  394.961  1110.06
1278.67  720.639  364.836  747.226
1323.73  779.668  407.889  805.668
1534.11  991.334  607.024  1009.04
1374.56  790.063  456.671  815.629
1165.19  723.516  251.189  747.967
1213.67  675.041  300.622  700.641
1289.46  728.079  376.705  753.534
1514.99  980.534  589.695  999.466
1118.87  808.041  201.216  835.11
1539.58  1065.48  610.467  1074.81
1195.26  729.614  279.929  756.876
1188.73  742.789  273.708  769.359
1416.72  838.581  498.708  865.721
1533.17  967.642  607.921  986.692
1440.84  971.885  530.391  993.942
1454.73  928.041  533.807  946.742
1338.65  659.755  423.799  688.196
1327.86  792.584  411.477  818.278
1083.95  1091.67  163.307  1131.43
1270.74  719.088  356.841  745.557
1011.82  935.17  86.7465  970.578
1209.94  712.483  295.545  739.037
1278.33  716.243  364.342  742.827
1428.8  845.07  510.172  871.877
1199.84  723.5  285.897  749.085
1060.11  919.567  140.261  953.588
1211.19  716.466  296.179  743.683
989.174  867.139  65.4806  896.799
1239.34  721.572  325.74  747.524
1353.58  1055.19  438.366  1078.61
1172.37  795.632  256.81  821.849
1526.31  946.027  600.21  961.933
1131.81  700.394  221.688  723.494
1297.94  747.764  384.269  773.281
1490.69  970.568  567.089  990.88
1426.22  977.244  510.638  999.57
1517.33  1082.64  592.184  1092.48
1387.61  1018.05  480.623  1037.53
1139.22  724.827  223.771  749.396
1206.66  1038.57  296.867  1066.24
1145.81  947.537  230.172  979.295
1097.04  563.592  183.299  572.518
958.261  1016.34  25.4949  1061.29
1048.7  906.67  127.157  934.912
1142.72  550.229  234.266  570.821
962.26  985.669  30.275  1027.34
1283.8  717.806  369.669  744.298
1240.44  984.257  329.152  1008.67
1494  960.815  570.102  981.575
1160.38  787.305  244.777  813.102
1262.87  725.224  348.18  752.049
1237.02  724.658  323.793  749.945
1022.62  1046.11  95.8851  1086.97
1421.28  561.625  507.284  597.841
1160.23  790.85  244.903  816.289
1207.62  712.396  292.389  739.606
993.655  879.522  67.3362  914.324
1499.26  968.539  576.589  988.88
1207.41  719.916  293.49  745.336
1188.91  996.711  283.867  1025.13
1148.09  652.55  235.373  684.013
1139.65  551.515  231.394  571.564
1374.29  604.865  463.439  637.476
1268.62  1091.37  353.451  1118.89
1286.4  755.262  371.131  781.442
1348.63  723.649  427.742  760.028
1214.91  669.686  301.726  694.567
1271.38  723.19  357.522  748.923
1271.37  1079.58  360.365  1103.08
1135.07  718.877  219.433  742.534
1430.24  892.041  511.561  917.51
1127.28  553.961  218.407  574.017
1334.61  496.437  427.816  527.845
1088.68  1093.73  167.893  1133.42
1017.75  1026.74  95.5989  1068.08
995.773  1028.41  70.3878  1071.11
992.72  1027.09  66.4269  1071.05
1099.7  551.264  189.061  571.612
1493.03  782.649  570.563  806.173
1173.5  1042.14  257.885  1074.98
1443.99  631.895  523.337  663.064
1149.42  541.91  241.571  564.232
