134.209  597.584  1117.32  570.405
562.169  614.315  1551.46  602.62
510.716  522.635  1498.9  504.985
237.426  1156.77  1181.24  1119.57
100.481  496.585  1088.67  472.423
234.315  518.763  1216.62  496.267
220.852  149.77  1204.72  134.254
163.829  520.731  1147.84  496.78
240.538  577.336  1223.84  554.767
219.197  513.28  1201.66  490.539
345.41  524.572  1327.19  504.118
202.14  635.503  1181.08  609.902
481.281  1144.14  1434.64  1146.29
353.914  541.485  1333.11  521.006
97.6611  483.885  1086.29  460.213
363.294  500.265  1346.18  479.842
147.895  524.296  1132.29  499.894
567.863  538.074  1559.92  522.231
536.568  522.635  1525.01  505.15
168.212  644.142  1147.69  616.779
119.885  516.069  1104.84  491.216
56.8524  507.552  1047.34  482.083
316.623  437.308  1298.89  415.919
190.931  526.663  1174.21  503.204
524.149  594.109  1509.68  579.835
43.5665  523.405  1035.33  497.039
193.824  583.639  1174.91  558.903
96.0444  496.717  1084.14  472.45
274.232  581.72  1252.71  559.3
260.361  643.134  1238.31  620.027
252.324  578.926  1233.03  556.212
482.626  1095.72  1441.01  1097.52
514.556  523.401  1503.93  505.959
551.222  598.671  1540.74  585.818
93.8876  481.21  1082.44  457.497
476.124  1071.83  1436.88  1072.53
324.281  453.385  1306.95  432.089
254.464  565.51  1234.97  542.953
197.128  550.295  1179.06  526.387
530.848  522.05  1520.45  504.743
533.374  546.698  1522.18  530.511
208.701  548.347  1188.6  524.455
295.722  645.979  1272.61  624.345
363.202  628.888  1342.11  610.198
356.577  564.042  1337.3  544.292
405.566  505.863  1389.16  486.138
344.634  1101.73  1297.19  1083.64
317.072  645.059  1293.97  624.362
209.5  548.44  1191.4  524.943
332.529  533.047  1313.61  512.304
348.005  517.14  1330.13  496.737
35.6606  551.857  1026.81  523.622
297.518  541.8  1278.64  520.516
259.272  283.206  1239.45  263.138
94.3017  591.541  1081.12  563.525
260.309  508.22  1241.63  486.099
161.678  582.793  1144.23  557.122
89.5165  440.557  1078.91  418.499
492.498  1081.2  1452.69  1083.98
89.1897  585.637  1075.46  557.483
175.379  605.398  1157.37  579.606
533.012  616.705  1519.81  604.121
291.982  580.734  1270.89  558.931
231.705  514.829  1214.14  492.271
550.481  486.886  1543.1  468.002
311.451  515.763  1292.77  494.661
514.275  1070.32  1476.47  1075.84
239.195  1159.21  1183.69  1122.54
283.395  626.365  1260.85  604.109
173.646  521.216  1156.12  497.318
218.339  629.125  1196.75  604.329
114.233  645.08  1096.21  615.294
306.279  631.513  1283.37  610.3
298.364  445.507  1279.95  423.928
240.45  642.472  1218.23  618.341
521.299  593.597  1507.75  579.458
371.283  506.788  1353.8  486.6
246.147  508.341  1228.22  486.057
349.17  523.136  1331.11  502.672
269.189  501.742  1249.66  479.642
53.957  505.707  1045.56  480.532
114.718  520.57  1100.52  495.623
170.629  508.556  1153.21  484.737
112.284  527.298  1098.56  501.966
109.937  636.211  1093.42  606.645
151.33  536.019  1136.27  511.408
360.583  267.461  1344.97  244.323
289.062  646.464  1266.59  624.538
315.341  442.763  1298.18  421.535
543.238  537.613  1533.68  521.402
309.177  280.346  1291.04  259.024
49.0616  577.194  1038.71  548.226
306.589  581.249  1286.48  560.244
236.564  301.688  1220.49  282.332
554.223  591.146  1543.4  577.961
323.408  467.198  1304.67  445.932
264  636.402  1241.74  613.544
380.292  499.278  1363.19  478.925
215.601  533.266  1197.4  509.978
125.937  476.797  1107.88  452.822
321.039  470.144  1303.14  449.003
190.029  1136.25  1138.65  1093.5
411.972  517.869  1395.17  498.518
384.046  1159.89  1332.26  1147.3
527.705  627.013  1512.66  614.348
60.0386  506.807  1050.33  481.562
211.463  638.281  1191.13  613.16
235.055  1154.42  1179.65  1117.31
114.966  550.044  1100.56  524.115
345.637  545.642  1326.52  525.226
140.818  594.355  1124.31  567.529
111.271  579.334  1096.5  552.001
84.2207  625.153  1069.62  595.155
396.867  514.711  1379.72  495.071
559.463  613.161  1548.05  601.325
274.606  543.503  1255.21  521.649
522.28  557.304  1510.23  541.584
518.823  593.24  1504.55  578.709
283.947  577.403  1263.55  555.658
392.751  540.578  1373.69  520.95
276.036  580.155  1255.78  557.948
158.371  463.439  1143.88  441.181
357.885  1135.51  1307.1  1118.64
413.449  265.089  1399.24  239.966
98.5522  568.61  1084.78  541.292
141.533  586.507  1124.85  560.12
95.8198  513.437  1083.81  488.36
139.592  471.22  1126.12  448.352
311.785  551.548  1292.31  530.617
321.583  641.174  1299.45  620.657
198.361  603.315  1179.34  578.289
350.992  541.472  1331.8  521.077
229.915  539.037  1211.43  515.977
311.498  519.161  1292.76  498.131
388.864  543.887  1370.9  524.445
86.8331  587.496  1073.27  559.265
352.607  516.329  1333.52  495.864
321.928  518.101  1302.12  496.804
227.482  502.9  1209.75  480.292
452.91  1149.51  1406.61  1148.19
252.546  521.686  1234.9  499.437
280.098  597.302  1258.67  575.012
259.69  504.191  1241.38  482.33
120.505  518.872  1105.85  493.855
366.86  505.757  1349.82  485.355
211.983  542.299  1194.06  518.798
280.765  299.975  1264.98  279.298
212.896  1135.29  1158.56  1094.87
410.329  1149.45  1361.33  1141.16
157.44  568.922  1139.02  543.296
112.269  515.59  1099.13  490.7
533.048  584.511  1520.26  570.299
477.787  275.714  1467.74  248.546
128.68  583.318  1113.97  556.598
364.184  506.59  1346.73  486.097
374.986  516.589  1357.41  496.692
322.226  557.401  1301.52  536.277
115.58  498.957  1101.88  474.62
177.879  572.896  1159.84  547.73
316.4  464.573  1301.9  443.9
44.1721  528.27  1035.48  501.427
365.564  661.234  1343.67  642.937
548.526  614.69  1535.9  602.531
253.137  528.687  1235.08  506.32
373.649  522.024  1356  502.211
318.953  673.615  1294.98  653.24
138.983  559.705  1122.54  533.706
219.996  509.342  1202.6  486.532
380.048  562.228  1361.21  542.841
370.851  635.923  1348.61  617.208
426.465  1145.16  1377.8  1139.38
345.372  642.575  1322.98  622.963
115.579  517.134  1101.8  492.153
222.539  504.965  1204.34  482.463
263.166  664.053  1240.64  640.832
250.191  568.599  1230.26  545.949
534.239  553.041  1523.08  537.083
202.343  483.15  1185.4  460.463
46.731  613.904  1035.71  583.127
308.416  504.535  1289.06  482.967
197.236  639.241  1177.06  613.724
281.314  569.047  1261.26  547.334
454.527  1100.69  1408.79  1097.43
377.983  528.232  1358.93  508.037
213.577  546.861  1195.37  523.246
342.856  543.209  1323.64  522.985
103.449  600.093  1089.33  571.778
290.257  621.346  1267.24  599.514
358.687  490.875  1341.17  470.021
310.905  581.604  1289.58  560.219
170.556  543.699  1154.68  519.638
312.964  445.094  1295.94  423.61
501.171  1077.23  1461.66  1081.16
339.576  655.784  1316.13  635.879
161.803  579.435  1144.41  553.599
204.59  639.411  1183.61  613.699
216.559  631.24  1194.7  606.406
192.275  607.059  1173.44  581.68
262.792  580.355  1243.05  557.735
358.179  620.788  1336.52  601.796
288.276  576.634  1268.46  554.808
445.149  1077.04  1401.42  1072.34
453.591  434.145  1450.63  413.707
176.741  537.636  1160.43  513.822
246.25  571.578  1226.6  548.866
385.994  540.551  1368.06  520.912
298.487  553.769  1278.9  532.174
564.286  1090.05  1532.1  1104.28
93.5558  588.12  1078.51  559.951
309.947  458.098  1292.67  436.612
263.143  653.466  1240.52  630.603
311.977  486.185  1294.42  464.808
262.998  645.721  1240.61  622.908
141.393  652.064  1122.86  623.686
190.754  586.551  1172.16  561.468
73.3302  512.629  1062.86  487.514
28.9934  498.137  1022.29  472.996
316.932  640.644  1294.3  619.729
315.376  498.37  1297.9  477.549
125.07  477.928  1110.81  454.364
265.26  526.981  1245.25  504.501
296.653  586.657  1276.15  564.988
319.445  465.348  1301.9  443.9
417.773  265.792  1401.63  240.762
226.709  509.617  1208.35  486.725
207.535  514.041  1190.59  490.911
148.264  457.18  1132.97  434.938
227.463  590.229  1207.61  566.704
366.351  1093.16  1320.65  1078.3
248.587  564.626  1228.37  541.491
292.857  443.893  1275.61  422.299
71.994  516.394  1061.39  491.073
261.166  598.698  1240.63  575.799
555.621  425.948  1548.83  403.996
534.829  549.377  1523.71  533.641
257.115  562.997  1237.55  540.242
272.3  561.13  1252.73  538.821
384.978  1100.68  1338.3  1088.09
330.925  640.883  1310.09  620.919
141.166  647.644  1122.48  619.351
96.5063  479.391  1084.34  455.968
227.718  511.444  1210.48  488.72
152.88  515.016  1137.13  491.197
231.7  1119.71  1177.24  1082.15
305.132  482.727  1287.18  461.656
317.834  613.119  1296.26  592.147
389.446  1104.02  1342.16  1091.88
246.939  619.117  1225.76  595.445
570.42  561.585  1562.49  547.454
245.448  522.599  1228.31  500.162
225.302  1147.02  1170.42  1108.73
165.556  628.103  1145.82  600.833
196.495  546.334  1178.12  522.627
578.304  1083.04  1546.42  1098.33
284.088  519.036  1265.83  497.201
429.026  1087.61  1385.54  1081.99
235.803  525.318  1218.25  503.083
143.495  519.902  1128.14  495.788
131.421  547.077  1116.6  521.902
208.848  579.106  1189.61  554.643
135.312  554.143  1119.33  528.151
35.0275  508.964  1027.95  483.453
264.661  693.074  1242.28  669.91
189.216  575.339  1171  550.404
540.854  419.848  1534.25  397.835
547.93  537.81  1537.27  521.654
316.4  464.573  1298.6  443.018
529.092  583.893  1515.99  569.11
270.624  551.689  1251.43  529.368
355.039  545.316  1334.99  524.765
566.359  515.333  1559.43  498.509
508.987  1115.48  1463.8  1120.38
517.882  595.718  1504.14  581.791
285.407  442.177  1267.78  420.464
208.06  645.259  1187.41  620.206
54.8053  531.892  1045.31  505.567
356.028  547.694  1336.82  527.332
207.13  540.119  1188.67  516.845
335.806  1145.43  1287.43  1126.48
212.179  644.208  1191.37  619.355
287.772  650.077  1264.09  627.633
331.298  530.458  1312.54  509.454
281.405  623.92  1259.2  602.015
465.135  1085.55  1424.7  1085.48
335.024  1146.1  1284.36  1126.04
465.044  1084.4  1422.92  1082.96
90.4549  651.107  1073.99  620.294
308.308  441.327  1291.11  419.693
246.482  525.75  1228.56  503.13
268.461  158.665  1253.03  139.991
313.789  547.761  1295.42  526.615
374.319  634.334  1353.31  615.827
377.891  530.827  1360.3  510.8
484.155  1137.54  1437.93  1140.19
344.07  540.876  1324.94  520.166
330.422  1119.22  1281.51  1098.65
209.781  494.246  1192.74  471.36
298.602  421.38  1281.95  399.771
381.755  1104.6  1335.15  1091.66
486.565  1095  1444.36  1096.63
527.138  1079.85  1490.87  1088.25
27.8755  480.409  1022.39  456.454
166.477  641.973  1144.61  614.557
282.405  554.469  1261.99  532.196
299.52  547.727  1279.98  526.022
173.859  553.763  1157.31  529.603
392.747  549.639  1374.33  530.132
224.982  571.478  1205.4  548.199
401.701  1180.82  1349.34  1171.52
194.675  504.89  1177.98  481.566
133.943  640.665  1115.32  612.251
213.602  495.254  1196.37  472.372
80.1433  638.646  1064.49  607.883
583.041  580.901  1575.11  568.24
417.193  1082.12  1372.88  1073.85
348.025  543.488  1328.61  522.821
243.53  507.513  1224.58  484.769
330.595  617.548  1308.12  596.814
164.121  286.441  1148.95  268.898
286.797  624.419  1265.42  602.277
113.222  636.421  1097.48  606.958
330.181  597.498  1309.84  577.595
189.819  547.223  1171.3  522.679
166.112  588.392  1146.6  562.638
510.664  504.482  1499.18  486.34
112.493  539.513  1098.8  514.208
253.25  503.161  1235.64  480.831
356.169  288.237  1343.86  265.345
331.984  581.18  1310.92  561.004
295.432  620.302  1274.07  598.476
296.079  519.346  1277.57  497.602
233.018  592.389  1211.63  568.878
271.709  502.092  1253.71  480.002
240.742  549.734  1221.84  526.578
311.667  441.356  1294.49  419.677
268.864  524.483  1249.96  502.138
537.076  511.01  1526.79  493.467
452.493  1104.33  1407.2  1100.98
549.486  558.692  1539.82  543.995
167.162  623.77  1147.72  596.623
226.091  626.207  1206.17  601.721
218.324  578.178  1198.88  553.929
289.828  630.668  1267.69  608.488
197.868  532.969  1180.44  509.075
481.949  1071  1443.14  1072.06
343.905  519.094  1327.07  498.4
235.291  632.333  1213.32  608.521
509.131  1121.97  1465.37  1127.15
113.646  437.464  1099.87  415.067
327.676  451.955  1310.33  431.071
294.701  626.381  1272.75  604.405
125.54  619.513  1108.17  591.569
289.783  626.927  1268.13  604.815
157.243  631.177  1139.08  603.634
241.397  497.11  1222.73  474.413
160.168  610.533  1142.13  584.386
366.146  634.247  1344.02  615.121
169.777  538.337  1153.45  514.478
292.246  542.16  1271.36  520.737
521.333  535.065  1509.73  518.535
178.52  607.914  1160.51  582.68
72.5595  637.905  1058.31  607.112
324.953  1133.08  1275.77  1111.81
324.58  597.571  1303.62  577.432
123.825  579.555  1108.15  553.09
496.865  1079.35  1458.1  1083.42
285.077  563.618  1264.55  541.33
110.378  553.927  1096.53  528.096
536.05  551.222  1525.77  535.902
331.828  502.201  1314.04  480.954
221.32  422.093  1203.81  400.294
73.645  575.204  1061.58  547.424
199.1  455.413  1182.97  433.079
240.105  545.933  1221.48  522.784
408.502  540.426  1406.41  523.575
189.237  499.16  1172.72  475.779
217.69  564.4  1199.19  540.422
243.626  1153.99  1188.13  1117.66
362.574  1119.56  1314.57  1103.79
312.164  655.851  1289.57  634.695
228.071  506.548  1209.28  483.46
185.997  433.554  1171.05  411.714
252.704  590.594  1232.7  567.331
96.8561  519.29  1084.89  494.574
240.928  576.643  1220.84  553.019
242.129  523.946  1224.15  501.116
349.528  571.482  1329.3  551.877
192.862  501.676  1176.21  478.285
226.141  512.366  1207.28  489.992
407.47  261.893  1390.34  236.511
411.092  1160.18  1360.21  1152.21
455.857  1135.17  1409.99  1133.4
122.651  582.846  1107.14  555.427
462.804  417.507  1450.26  395.915
292.747  447.055  1275.35  425.235
124.461  534.558  1109.38  509.655
495.964  422.847  1485.23  401.293
339.335  1146.6  1287.43  1126.48
286.253  627.687  1264.4  605.32
298.697  645.356  1275.17  623.259
343.725  1144.31  1290.88  1125.34
318.127  598.332  1297.38  577.176
245.862  1178.92  1187.47  1142.59
542.71  423.59  1536.94  402.02
363.848  1123.12  1315.76  1107.54
122.495  476.687  1107.88  452.822
256.794  635.751  1234.81  612.074
152.433  569.334  1135.08  544.035
529.719  1081.94  1492.61  1090.59
423.058  1108.8  1379.7  1103.6
382.693  563.38  1363.81  543.768
237.969  574.111  1218.22  550.42
245.321  626.017  1224.09  602.008
516.372  504.432  1503.93  486.295
274.83  576.657  1253.11  554.722
110.272  561.245  1096.02  535.156
312.593  437.648  1295.41  415.833
225.197  505.318  1207.78  482.348
144.323  613.467  1126.69  585.71
322.451  511.241  1304.79  489.892
475.773  386.728  1464.32  364.007
496.25  1115.4  1453.45  1119.94
187.982  501.776  1171.98  478.324
186.623  283.455  1177.01  265.632
137.303  646.422  1118.5  618.163
267.766  654.504  1245.06  631.147
347.457  273.006  1331.31  249.947
389.799  178.683  1311.81  153.313
498.326  456.79  1486.95  435.671
348.295  642.439  1325.02  622.426
85.8106  562.017  1072.82  535.181
519.776  1070.58  1480.79  1076.72
526.762  630.093  1511.89  617.215
305.379  616.291  1284.14  595.692
275.204  506.329  1257.05  484.12
246.951  644.204  1225.17  620.051
348.219  574.107  1327.86  554.565
105.136  636.222  1088.56  605.949
262.314  589.969  1242.15  567.936
324.121  515.683  1306.12  494.324
246.092  622.767  1224.89  598.776
121.782  533.646  1106.31  508.68
385.353  1159.54  1335.45  1148.39
498.579  482.702  1486.91  463.679
234.571  575.611  1215.1  551.805
309.771  625.693  1286.99  605.038
470.946  1145.4  1421.47  1145.6
161.51  586.278  1144.18  561
316.458  595.732  1295.89  574.465
432.004  1086.52  1387.08  1079.81
311.705  480.27  1293.9  458.518
183.15  1150.33  1131.57  1105.75
371.361  1097.62  1324.91  1082.93
463.768  1120.9  1420.2  1120.31
383.661  498.835  1365.81  479.006
244.178  580.545  1224.04  556.888
277.018  598.622  1255.96  575.903
327.099  1117.3  1279.04  1096.35
270.575  571.428  1250.2  549.676
152.479  539.269  1137.62  514.205
522.892  1096.32  1484.19  1103.44
259.406  638.646  1237.29  614.977
366.199  526.219  1347.6  505.527
476.182  1062.24  1438.02  1063.4
363.421  268.984  1346.19  246.293
390.722  306.692  1374.99  282.542
204.46  509.83  1187.75  486.412
173.457  536.128  1152.97  511.845
404.263  1076.09  1358.72  1066.42
466.282  1083.09  1425.66  1082.06
246.735  546.173  1227.03  522.862
264.198  651.403  1241.8  627.871
278.567  575.342  1258.96  552.896
311.31  483.37  1293.6  461.605
479.4  387.39  1466.92  364.607
208.063  633.106  1185.82  608.125
302.304  1146.03  1252.36  1122.33
271.669  526.804  1252.49  504.262
283.071  628.479  1257.73  606.256
218.793  574.023  1199.81  549.727
309.393  489.814  1291.79  469.198
311.302  661.072  1289.14  641.016
193.819  588.75  1175.42  563.437
281.893  630.958  1260.11  608.315
469.149  1118.08  1426.13  1118.2
212.401  522.866  1194.86  499.276
133.999  533.027  1117.78  508.402
115.707  535.479  1101.58  510.567
134.504  644.879  1115.74  616.597
291.9  645.893  1267.25  624.278
274.789  574.217  1255.43  551.682
351.346  1157.32  1297.5  1139.48
452.267  1102.23  1405.88  1098.08
123.604  521.063  1109.45  495.714
402.604  508.911  1385.58  489.666
302.623  634.443  1280.43  612.598
336.75  611.335  1317.4  591.123
238.311  536.294  1219.6  512.987
432.667  1154.71  1381.59  1149.59
238.307  495.702  1222.73  474.413
347.729  1104.81  1300.83  1086.88
195.432  529.314  1178.01  505.192
370.712  1140.11  1319.8  1125.89
370.451  658.943  1347.98  640.239
117.517  561.882  1104.2  535.174
229.614  506.555  1212.1  484.707
419.879  1081.41  1376.67  1073.6
150.994  618.614  1133.47  590.965
546.421  1089.23  1510.54  1100.85
172.368  617.518  1155.14  590.99
294.63  570.847  1275.18  548.859
306.131  1138.31  1256.46  1115.22
302.179  558.351  1283.66  536.67
182.393  294.678  1165.72  276.066
505.407  1083.28  1465.36  1088.27
320.478  559.928  1300.64  538.487
428.556  1085.75  1385.28  1079.15
360.581  1111.55  1313.3  1095.37
245.632  576.974  1225.9  553.381
323.22  630.232  1301.27  609.203
534.005  436.22  1525.85  415.307
540.749  540.303  1529.9  524.542
329.578  579.007  1309.44  557.945
209.515  631.711  1189.23  607.305
111.546  626.79  1093.69  596.763
498.884  410.364  1488.52  388.457
290.657  445.669  1272.47  423.553
576.023  1085.16  1544.29  1101.35
123.235  465.632  1110.04  442.207
158.922  642.227  1137.45  614.796
561.471  428.573  1555.55  407.169
238.786  630.631  1217.41  606.116
355.477  1133.6  1306.44  1116.55
190.793  1129.51  1136.39  1085
341.948  642.69  1319.7  622.505
86.0973  618.923  1071.84  589.853
341.969  645.603  1319.66  625.447
284.698  623.65  1262.53  600.951
181.892  537.654  1165.07  514.334
340.681  551.144  1320.79  531.319
71.8418  536.675  1060.17  510.713
268.943  547.049  1250.3  524.422
109.846  436.938  1097.72  414.48
174.157  611.732  1154.72  586.174
311.918  280.434  1297.09  258.49
423.64  1088.43  1379.32  1080.88
480.081  1072.45  1439.43  1072.37
169.127  583.757  1150.24  558.669
402.996  291.752  1386.14  268.093
489.457  1057.32  1451.96  1058.69
263.298  640.676  1240.7  618.277
168.828  1161.35  1116.85  1113.88
127.518  551.259  1112.55  526.188
128.678  587.078  1112.75  560.81
318.809  663.423  1295.54  642.255
550.672  1101.03  1514.67  1113.96
110.942  545.41  1097.61  520.244
454.847  1135.55  1406.14  1133.65
71.5541  519.773  1060.99  494.734
71.0904  635.003  1055.65  604.23
527.01  528.207  1515.85  511.707
440.665  1077.66  1398.36  1072.52
338.158  1146.79  1284.05  1126.74
443.657  1073.67  1401.96  1068.94
168.56  522.114  1151.84  498.803
574.306  1080.6  1542.7  1096.37
243.6  550.904  1224.89  527.531
324.176  590.76  1302.93  570.759
524.796  536.587  1512.14  520.293
282.593  511.819  1264.32  489.519
212.991  628.025  1193.99  602.785
203.389  495.032  1185.21  471.451
539.728  624.789  1527.76  612.289
39.4944  644.507  1027.83  612.312
358.45  1119.36  1308.67  1101.94
311.055  434.991  1293.45  412.883
107.775  640.377  1089.2  610.882
293.264  622.016  1269.67  599.279
190.711  549.544  1172.46  526.086
339.521  459.498  1321.51  437.542
292.448  649.677  1269.84  627.258
404.745  1096  1359.38  1085.84
127.293  544.875  1113.02  520.183
257.625  504.652  1237.31  483.018
209.819  538.437  1189.17  515.304
131.01  532.882  1115.27  508.41
279.707  622.089  1257.69  599.119
146.906  522.647  1130.32  497.346
259.826  655.359  1237.25  632.869
310.863  644.319  1288.29  622.674
260.497  651.834  1237.84  629.362
420.677  265.246  1396.63  240.227
563.692  1072.19  1532.03  1086.25
68.9493  535.019  1058.43  509.332
212.322  633.925  1190.87  609.496
480.192  1101.07  1438.56  1103.62
265.535  593.421  1245.17  571.704
290.318  634.715  1268.23  612.203
144.576  650.208  1124.86  622.324
134.824  649.121  1115.81  620.868
292.478  624.018  1270.39  603.047
340.415  1124.14  1291.91  1104.8
76.299  523.141  1067.02  498.438
76.7903  563.427  1064.54  536.568
202.623  511.138  1184.92  488.792
343.218  546.178  1322.36  526.289
478.449  388.644  1464.42  365.969
98.8776  436.844  1088.31  414.361
211.476  535.135  1193.09  512.538
430.689  1069.12  1388.94  1064.14
198.029  589.396  1178.83  563.88
559.322  576.169  1551.12  561.753
318.271  1133.42  1269.06  1110.77
217.882  548.99  1198.97  524.762
136.989  642.086  1117.69  614.097
344.695  579.869  1324.62  559.097
519.506  1094.67  1480.36  1102.5
543.484  627.532  1530.34  614.978
271.809  542.527  1253.32  519.87
154.786  648.979  1133.2  621.295
261.189  525.112  1244.28  502.513
157.992  613.919  1140.17  588.041
257.197  647.03  1234.88  624.536
314.083  651.438  1291.31  629.902
382.118  1102.13  1335.71  1088.73
374.782  629.952  1353.33  610.781
482.811  403.27  1471.23  381.357
87.7498  608.644  1073.57  580.222
319.153  648.931  1296.03  627.498
200.956  639.479  1178.63  614.294
164.385  524.856  1147.9  501.542
530.806  1078.54  1494.15  1087.64
319.002  655.087  1295.84  633.704
348.114  159.123  1330.81  135.403
142.752  616.575  1125.32  588.365
203.223  669.285  1181.59  644.019
501.958  1139.02  1458.83  1145.86
170.346  302.502  1154.65  283.773
499.666  1117.49  1455.84  1122.52
568.946  470.685  1563.96  451.983
378.545  516.343  1360.13  497.038
84.1022  648.271  1068.13  617.829
313.167  639.802  1290.42  618.062
276.573  551.826  1258.09  529.224
80.1875  528.367  1068.69  501.584
76.2507  637.338  1059.66  606.694
279.802  565.529  1260.2  542.813
464.978  1142.52  1417.95  1143.2
101.793  630.406  1087.19  601.957
437.322  439.861  1432.83  418.913
73.2563  589.122  1060.68  561.124
547.624  597.112  1537.01  584.985
86.4433  650.866  1070.16  620.452
381.421  503.144  1364.21  482.071
501.426  1113.96  1457.9  1119.18
126.209  575.986  1110.04  550.132
158.196  602.382  1140.3  576.875
342.54  654.693  1319.83  634.351
494.758  1076.17  1456.36  1080.5
296.511  614.649  1274.1  593.873
159.506  540.648  1145.26  515.499
498.39  1136.65  1455.69  1143.18
169.294  605.302  1151.45  578.41
198.459  601.137  1179.56  575.368
175.716  601.891  1156.8  576.986
527.271  578.795  1514.56  564.976
352.746  524.247  1334.12  502.919
250.541  166.936  1243.91  148.57
294.527  644.022  1271.4  621.334
314.714  440.636  1296.67  418.267
88.6633  648.727  1071.14  618.282
250.838  274.102  1233.36  253.693
260.725  607.961  1240.35  584.352
556.955  412.141  1550.93  390.196
78.1564  570.366  1065.59  541.499
231.225  635.245  1208.37  609.676
490.744  1135.1  1444.81  1139.29
319.972  590.818  1299.07  571.049
259.141  164.208  1244.3  145.295
243.797  531.267  1227.02  508.055
228.344  596.442  1207.18  573.405
359.346  289.159  1343.86  265.345
141.655  659.586  1122.98  631.797
99.4345  478.553  1085.93  455.774
210.96  1121.98  1159.08  1083.66
98.9791  626.782  1083.51  598.249
174.228  588.27  1155.59  563.708
112.333  647.851  1094.58  618.88
121.159  549.087  1106.62  524.29
427.995  177.154  1415.56  148.879
196.117  1111.57  1145.18  1071.42
318.502  459.17  1300.65  438.877
169.543  616.938  1149.9  591.404
256.584  660.224  1233.35  637.723
271.418  506.042  1252.08  483.045
180.471  578.474  1161.9  552.31
321.223  1135.5  1272.49  1113.22
461.468  1083.84  1421.23  1081.88
126.921  536.656  1112.02  512.434
149.341  521.407  1133.44  495.98
375.787  520.081  1357.67  501.107
394.76  1148.93  1344.48  1136.88
176.818  599.349  1158.06  572.549
214.933  648.034  1192.13  623.641
296.629  631.714  1274.9  609.174
219.007  568.732  1200.26  544.009
435.602  1097.65  1389.98  1090.97
293.154  665.676  1270.04  645.117
173.931  594.618  1156.63  568.066
539.145  543.509  1527.99  528.363
212.393  491.672  1194.35  467.909
328.107  585.114  1307.53  565.737
109.663  643.02  1092.03  611.907
326.285  573.526  1305.33  553.911
342.218  520.854  1323.06  501.288
331.712  577.438  1311.72  555.919
351.883  486.322  1335.1  466.779
362.583  525.387  1340.93  505.809
171.352  587.353  1152.87  562.864
438.212  175.613  1424.43  146.581
166.971  618.56  1148.52  590.929
212.451  548.673  1194.14  526.325
339.978  1144.93  1290.88  1125.34
201.302  541.27  1181.57  518.454
497.051  1081.69  1457.56  1086.44
80.237  607.749  1067.53  579.667
243.413  625.308  1221.5  600.36
429.775  1094.66  1382.57  1086.4
360.619  549.77  1340.69  528.525
87.0044  626.933  1074.56  596.206
282.812  618.448  1261.85  595.356
84.3066  656.94  1068.75  626.649
230.368  513.342  1212.19  489.547
180.318  542.218  1163.35  519.294
366.982  628.794  1345.04  611.223
408.951  1094.39  1363.63  1084.21
267.387  158.014  1249.45  138.481
475.993  386.988  1467.98  365.349
239.185  523.829  1221.61  500.152
314.15  647.1  1291.45  625.049
481.337  1109.81  1437.36  1109.85
314.716  642.726  1291.91  620.616
84.5713  551.048  1071.94  525.46
141.404  592.227  1124.64  564.239
224.023  647.998  1199.78  623.947
509.613  512.051  1498.95  492.757
258.514  658.61  1236.25  636.704
192.28  548.909  1172.89  523.276
241.897  579.605  1220.82  554.886
369.744  1095.7  1323.55  1079.98
115.157  622.371  1099.71  592.5
261.168  646.217  1237.84  624.238
374.969  1122.75  1326.58  1107.61
233.293  1115.73  1179.88  1077.69
538.32  492.432  1528.63  474.976
85.7243  654.117  1069.68  624.077
320.558  496.295  1302.26  473.818
446.219  668.787  1459.42  660.446
259.382  531.701  1239.95  508.008
151.651  607.351  1134.47  579.28
425.617  179.874  1412.63  151.413
205.714  635.333  1184.49  611.269
110.771  566.341  1095.26  537.989
508.222  539.963  1495.79  524.424
432.727  1093.17  1388.95  1086.37
508.556  1149.23  1464.27  1157.64
312.416  149.989  1295.16  127.808
140.471  459.775  1124.57  438.441
460.707  1162.07  1412.64  1163.32
511.131  1132.74  1470.11  1141.88
115.877  540.548  1099.85  515.998
316.5  146.227  1298.65  123.782
341.947  661.735  1319.04  640.882
372.148  646.564  1355.34  627.981
158.817  621.441  1139.99  592.948
293.309  518.323  1276.34  495.655
477.459  1052.52  1440.07  1051.47
463.04  519.105  1462.14  504.102
442.558  176.293  1426.93  146.678
333.492  157.037  1315.89  133.486
237.209  578.633  1218.58  554.06
398.691  512.007  1377.8  493.128
111.869  633.321  1094.53  605.377
254.989  654.377  1232.02  632.351
52.4357  539.706  1042.7  514.125
535.664  556.376  1525.06  539.37
315.394  656.749  1293  634.679
141.432  669.683  1122.34  642.078
224.603  1143.43  1168.76  1106
313.583  1155.64  1263.16  1131.33
101.379  1166.85  1054.19  1108.6
261.325  657.479  1238.86  635.927
469.432  1086.94  1429.63  1085.74
78.3558  567.034  1064.41  537.433
529.516  575.142  1516.87  561.814
232.715  576.843  1210.48  554.513
254.975  1184.95  1195.68  1150.96
515.38  1135.3  1472.42  1144.47
143.708  608.911  1126.32  580.175
479.816  1094.42  1438.77  1094.32
589.632  1103.62  1558.13  1123.81
559.233  1065.94  1527.72  1080.04
422.884  173.484  1408.34  144.834
332.341  527.153  1313.13  507.961
51.3722  551.669  1040.95  525.472
336.955  158.204  1315.73  134.325
291.012  163.176  1272.9  141.871
220.628  550.293  1201.39  525.212
512.533  1077.93  1468.78  1083.06
228.114  1119.35  1174.82  1080.25
208.737  542.989  1189.98  521.012
179.558  298.198  1161.97  278.459
186.643  1150.61  1132.6  1107.83
427.249  172.405  1411.69  143.437
180.424  1149.59  1128.35  1106.68
537.962  546.514  1526.52  532.011
138.211  513.891  1121.84  491.035
82.3272  557.804  1069.33  532.168
115.224  442.671  1102.3  418.912
266.651  636.571  1244.93  615.565
321.34  1131.7  1269.06  1110.77
524.737  1140.83  1482.24  1151.82
537.304  495.519  1527.27  478.532
345.424  657.294  1322.61  636.266
178.57  1130.6  1125.92  1087.43
496.765  416.666  1485.8  396.098
382.261  636.953  1360.47  617.188
123.922  606.941  1106.52  577.128
299.677  523.619  1280.46  500.44
200.392  676.419  1178.46  651.782
51.8401  546.477  1041.37  520.67
480.081  1072.45  1440.15  1075.21
373.44  1138.85  1321.17  1125.68
142.22  598.228  1125.11  569.54
80.8514  560.699  1069.95  531.814
579.651  1096.78  1547.7  1115.4
245.462  535.892  1227.63  511.682
51.483  557.23  1041.26  531.048
484.88  492.038  1471.68  470.865
197.489  449.297  1180.94  425.573
288.013  620.08  1265.41  596.185
487.396  1064.69  1449.95  1064.97
356.346  1113.42  1310.39  1095.91
316.458  595.732  1297.38  577.176
100.323  527.48  1087.49  500.095
59.5035  531.535  1047.48  506.555
331.618  587.524  1312.24  569.316
317.015  652.638  1293.82  629.973
242.131  283.569  1199.24  264.564
46.981  627.092  1036.61  593.684
585.787  1125.17  1552.94  1146.59
141.527  655.436  1120.87  628.36
280.552  626.523  1257.73  606.256
500.28  180.789  1490.1  147.456
539.953  1135.85  1499.03  1149.43
546.476  1143.61  1505.55  1158.55
116.221  1176.31  1068.48  1119.63
247.355  627.707  1227.72  602.429
87.4624  603.825  1073.65  577.012
268.498  576.008  1247.78  555.755
130.344  576.201  1111.97  551.343
321.739  655.03  1299.09  632.505
432.698  1096.48  1387.91  1088.57
373.193  1096.52  1328.63  1081.04
322.534  600.504  1303.24  578.058
181.086  555.462  1161.78  532.868
480.916  1132.34  1437.5  1132.79
493.974  180.887  1483.64  147.782
325.424  646.415  1300.64  623.419
227.482  502.9  1207.78  482.348
398.449  161.597  1382.17  133.555
378.502  633.046  1356.01  612.395
374.924  627.086  1359.21  607.568
88.6633  648.727  1073.99  620.294
277.62  615.166  1256.05  590.63
424.52  1166.4  1373.09  1162.35
111.669  565.109  1096.53  540.628
255.481  536.06  1236.2  511.337
519.369  1162.84  1474.17  1174.08
511.712  1150.65  1466.31  1160.1
273.805  141.942  1258.4  121.179
254.958  657.141  1231.32  635.853
116.269  446.267  1102.83  421.566
227.318  633.616  1204.06  606.286
291.349  641.094  1267.41  616.512
120.694  609.306  1104.1  578.707
159.117  596.247  1141.48  572.56
402.156  1130.97  1354.91  1119.1
143.344  605.127  1126.44  575.645
183.144  297.864  1169.17  277.425
208.794  1147.35  1152.15  1108.03
205.096  559.521  1185.91  532.908
435.602  1097.65  1387.91  1088.57
300.594  1144.79  1249.3  1122.4
343.118  659.558  1318.99  637.308
298.04  147.451  1280.72  124.935
299.396  614.478  1275.33  595.241
331.607  557.031  1310.09  538.825
419.222  498.322  1426.28  484.574
477.753  550.121  1478.56  532.774
150.296  524.792  1133.84  497.525
136.088  507.683  1118.34  480.286
475.488  389.427  1462.58  368.966
348.114  159.123  1327.52  133.424
329.134  574.426  1308.77  551.05
225.197  505.318  1209.75  480.292
422.572  560.885  1421.24  548.402
372.712  524.832  1355.91  502.169
432.5  461.863  1426.5  439.484
476.346  541.961  1476.56  521.783
